Date,Voucher,VoucherNo,Code,Narration,ChqNo,Debit,Credit,Running Bal,Category
03/07/2023,BILL,SJ37692,NSE_FNO,BILL ENTRY FOR FO-20230703,0,0,2851.11,73839.31,trades
04/07/2023,BILL,SJ37693,NSE_FNO,BILL ENTRY FOR FO-20230704,0,0,450.79,74290.1,trades
05/07/2023,BILL,SJ238,BSE_CASH,BILL ENTRY FOR M-2023564,0,10466.17,0,63823.93,trades
05/07/2023,BILL,SJ37694,NSE_FNO,BILL ENTRY FOR FO-20230705,0,1951.42,0,61872.51,trades
06/07/2023,BILL,SJ37720,NSE_FNO,BILL ENTRY FOR FO-20230706,0,0,374.73,62247.24,trades
07/07/2023,BILL,SJ37721,NSE_FNO,BILL ENTRY FOR FO-20230707,0,1466.25,0,60780.99,trades
10/07/2023,BILL,SJ37722,NSE_FNO,BILL ENTRY FOR FO-20230710,0,3083.62,0,57697.37,trades
11/07/2023,BILL,SJ37723,NSE_FNO,BILL ENTRY FOR FO-20230711,0,2724.14,0,54973.23,trades
12/07/2023,BILL,SJ37724,NSE_FNO,BILL ENTRY FOR FO-20230712,0,0,1183.63,56156.86,trades
13/07/2023,BILL,SJ37725,NSE_FNO,BILL ENTRY FOR FO-20230713,0,399.87,0,55756.99,trades
14/07/2023,BILL,SJ37726,NSE_FNO,BILL ENTRY FOR FO-20230714,0,2691.6,0,53065.39,trades
17/07/2023,BILL,SJ37727,NSE_FNO,BILL ENTRY FOR FO-20230717,0,0,6213.08,59278.47,trades
18/07/2023,BILL,SJ37728,NSE_FNO,BILL ENTRY FOR FO-20230718,0,2011.84,0,57266.63,trades
19/07/2023,BILL,SJ37729,NSE_FNO,BILL ENTRY FOR FO-20230719,0,414.22,0,56852.41,trades
20/07/2023,BILL,SJ37730,NSE_FNO,BILL ENTRY FOR FO-20230720,0,0,8253.69,65106.1,trades
21/07/2023,BILL,SJ37731,NSE_FNO,BILL ENTRY FOR FO-20230721,0,1639.84,0,63466.26,trades
24/07/2023,BILL,SJ37732,NSE_FNO,BILL ENTRY FOR FO-20230724,0,1050.72,0,62415.54,trades
25/07/2023,BILL,SJ37733,NSE_FNO,BILL ENTRY FOR FO-20230725,0,1538.3,0,60877.24,trades
26/07/2023,BILL,SJ37734,NSE_FNO,BILL ENTRY FOR FO-20230726,0,2041.38,0,58835.86,trades
27/07/2023,BILL,SJ37735,NSE_FNO,BILL ENTRY FOR FO-20230727,0,1371.49,0,57464.37,trades
28/07/2023,BILL,SJ37736,NSE_FNO,BILL ENTRY FOR FO-20230728,0,703.15,0,56761.22,trades
31/07/2023,BILL,SJ37737,NSE_FNO,BILL ENTRY FOR FO-20230731,0,507.86,0,56253.36,trades
01/08/2023,BILL,SJ49551,NSE_FNO,BILL ENTRY FOR FO-20230801,0,935.47,0,55317.89,trades
02/08/2023,BILL,SJ49552,NSE_FNO,BILL ENTRY FOR FO-20230802,0,2385.17,0,52873.72,trades
03/08/2023,BILL,SJ49569,NSE_FNO,BILL ENTRY FOR FO-20230803,0,0,4745.69,57619.41,trades
04/08/2023,BILL,SJ49570,NSE_FNO,BILL ENTRY FOR FO-20230804,0,2473.35,0,55146.06,trades
07/08/2023,BILL,SJ49583,NSE_FNO,BILL ENTRY FOR FO-20230807,0,896.46,0,54249.6,trades
08/08/2023,BILL,SJ49584,NSE_FNO,BILL ENTRY FOR FO-20230808,0,1375.49,0,52874.11,trades
09/08/2023,BILL,SJ49585,NSE_FNO,BILL ENTRY FOR FO-20230809,0,0,5905.4,58779.51,trades
10/08/2023,BILL,SJ49586,NSE_FNO,BILL ENTRY FOR FO-20230810,0,2876.1,0,55903.41,trades
11/08/2023,BILL,SJ49587,NSE_FNO,BILL ENTRY FOR FO-20230811,0,581.32,0,55322.09,trades
14/08/2023,BILL,SJ48939,BSE_CASH,BILL ENTRY FOR M-2023592,0,0,2382.3,57704.39,trades
14/08/2023,BILL,SJ49588,NSE_FNO,BILL ENTRY FOR FO-20230814,0,772.47,0,56931.92,trades
16/08/2023,BILL,SJ49589,NSE_FNO,BILL ENTRY FOR FO-20230816,0,0,1108.78,58023,trades
17/08/2023,BILL,SJ49590,NSE_FNO,BILL ENTRY FOR FO-20230817,0,1891.51,0,56131.49,trades
18/08/2023,BILL,SJ49594,NSE_FNO,BILL ENTRY FOR FO-20230818,0,413.42,0,55678.77,trades
21/08/2023,BILL,SJ49595,NSE_FNO,BILL ENTRY FOR FO-20230821,0,0,2078.97,57757.74,trades
22/08/2023,BILL,SJ49596,NSE_FNO,BILL ENTRY FOR FO-20230822,0,1140.47,0,56617.27,trades
23/08/2023,BILL,SJ49597,NSE_FNO,BILL ENTRY FOR FO-20230823,0,0,5977.68,62594.95,trades
24/08/2023,BILL,SJ49598,NSE_FNO,BILL ENTRY FOR FO-20230824,0,2168.08,0,60426.87,trades
25/08/2023,BILL,SJ49599,NSE_FNO,BILL ENTRY FOR FO-20230825,0,36.94,0,60389.93,trades
28/08/2023,BILL,SJ49600,NSE_FNO,BILL ENTRY FOR FO-20230828,0,0,1034.17,61424.1,trades
29/08/2023,BILL,SJ48979,BSE_CASH,BILL ENTRY FOR M-2023602,0,0,4325.84,65749.94,trades
29/08/2023,BILL,SJ49601,NSE_FNO,BILL ENTRY FOR FO-20230829,0,2268.28,0,63481.66,trades
30/08/2023,BILL,SJ49602,NSE_FNO,BILL ENTRY FOR FO-20230830,0,0,1486.63,64950.59,trades
31/08/2023,BILL,SJ49603,NSE_FNO,BILL ENTRY FOR FO-20230831,0,2269.71,0,62680.88,trades
01/09/2023,BILL,SJ52247,NSE_FNO,BILL ENTRY FOR FO-20230901,0,2627.6,0,60053.28,trades
04/09/2023,BILL,SJ61514,NSE_FNO,BILL ENTRY FOR FO-20230904,0,0,1736.96,61790.24,trades
05/09/2023,BILL,SJ61515,NSE_FNO,BILL ENTRY FOR FO-20230905,0,107.8,0,61682.44,trades
06/09/2023,BILL,SJ61516,NSE_FNO,BILL ENTRY FOR FO-20230906,0,0,629.46,62311.9,trades
07/09/2023,BILL,SJ61517,NSE_FNO,BILL ENTRY FOR FO-20230907,0,0,704.01,63015.91,trades
08/09/2023,BILL,SJ61518,NSE_FNO,BILL ENTRY FOR FO-20230908,0,0,5604.39,68620.3,trades
11/09/2023,BILL,SJ61519,NSE_FNO,BILL ENTRY FOR FO-20230911,0,1972.97,0,66647.33,trades
12/09/2023,BILL,SJ60099,BSE_CASH,BILL ENTRY FOR M-2023612,0,0,5232.22,71879.55,trades
12/09/2023,BILL,SJ61520,NSE_FNO,BILL ENTRY FOR FO-20230912,0,0,1848.58,73728.13,trades
13/09/2023,BILL,SJ61521,NSE_FNO,BILL ENTRY FOR FO-20230913,0,0,5591.83,79302.26,trades
14/09/2023,BILL,SJ61522,NSE_FNO,BILL ENTRY FOR FO-20230914,0,1685.96,0,77616.3,trades
15/09/2023,BILL,SJ61523,NSE_FNO,BILL ENTRY FOR FO-20230915,0,0,3672.82,81289.12,trades
18/09/2023,BILL,SJ61524,NSE_FNO,BILL ENTRY FOR FO-20230918,0,1945,0,79304.82,trades
20/09/2023,BILL,SJ61525,NSE_FNO,BILL ENTRY FOR FO-20230920,0,413.79,0,78891.03,trades
21/09/2023,BILL,SJ61526,NSE_FNO,BILL ENTRY FOR FO-20230921,0,0,3133.44,82024.47,trades
22/09/2023,BILL,SJ61527,NSE_FNO,BILL ENTRY FOR FO-20230922,0,0,591.54,82616.01,trades
25/09/2023,BILL,SJ61528,NSE_FNO,BILL ENTRY FOR FO-20230925,0,1469.05,0,81146.96,trades
26/09/2023,BILL,SJ61529,NSE_FNO,BILL ENTRY FOR FO-20230926,0,2998.88,0,78148.08,trades
27/09/2023,BILL,SJ61530,NSE_FNO,BILL ENTRY FOR FO-20230927,0,0,2872.51,81020.59,trades
28/09/2023,BILL,SJ61531,NSE_FNO,BILL ENTRY FOR FO-20230928,0,0,1217.69,82238.28,trades
29/09/2023,BILL,SJ61532,NSE_FNO,BILL ENTRY FOR FO-20230929,0,218.27,0,82020.01,trades
04/10/2023,BILL,SJ73345,NSE_FNO,BILL ENTRY FOR FO-20231004,0,2406.57,0,79613.44,trades
05/10/2023,BILL,SJ73360,NSE_FNO,BILL ENTRY FOR FO-20231005,0,1348.12,0,78265.32,trades
06/10/2023,BILL,SJ73361,NSE_FNO,BILL ENTRY FOR FO-20231006,0,1580.45,0,76684.87,trades
09/10/2023,BILL,SJ73362,NSE_FNO,BILL ENTRY FOR FO-20231009,0,0,2799.1,2799.1,trades
10/10/2023,BILL,SJ73363,NSE_FNO,BILL ENTRY FOR FO-20231010,0,2580.49,0,76890.81,trades
11/10/2023,BILL,SJ73364,NSE_FNO,BILL ENTRY FOR FO-20231011,0,1249.41,0,75641.4,trades
12/10/2023,BILL,SJ73365,NSE_FNO,BILL ENTRY FOR FO-20231012,0,1339.22,0,74302.18,trades
13/10/2023,BILL,SJ73366,NSE_FNO,BILL ENTRY FOR FO-20231013,0,3275.88,0,71026.3,trades
16/10/2023,BILL,SJ73367,NSE_FNO,BILL ENTRY FOR FO-20231016,0,1741.79,0,69284.51,trades
17/10/2023,BILL,SJ73368,NSE_FNO,BILL ENTRY FOR FO-20231017,0,1395.97,0,67888.54,trades
18/10/2023,BILL,SJ73369,NSE_FNO,BILL ENTRY FOR FO-20231018,0,0,2007.52,69797.76,trades
19/10/2023,BILL,SJ73370,NSE_FNO,BILL ENTRY FOR FO-20231019,0,1733.89,0,68063.87,trades
20/10/2023,BILL,SJ73371,NSE_FNO,BILL ENTRY FOR FO-20231020,0,94.16,0,67969.71,trades
23/10/2023,BILL,SJ73372,NSE_FNO,BILL ENTRY FOR FO-20231023,0,0,8954.37,76924.08,trades
25/10/2023,BILL,SJ73373,NSE_FNO,BILL ENTRY FOR FO-20231025,0,1222.38,0,75701.7,trades
26/10/2023,BILL,SJ73374,NSE_FNO,BILL ENTRY FOR FO-20231026,0,0,879.67,76581.37,trades
27/10/2023,BILL,SJ73375,NSE_FNO,BILL ENTRY FOR FO-20231027,0,0,1908.71,78490.08,trades
30/10/2023,BILL,SJ73376,NSE_FNO,BILL ENTRY FOR FO-20231030,0,1866.86,0,76623.22,trades
31/10/2023,BILL,SJ73377,NSE_FNO,BILL ENTRY FOR FO-20231031,0,1104,0,75519.22,trades
01/11/2023,BILL,SJ75817,NSE_FNO,BILL ENTRY FOR FO-20231101,0,3376.53,0,72142.69,trades
02/11/2023,BILL,SJ84790,NSE_FNO,BILL ENTRY FOR FO-20231102,0,1800.6,0,70342.09,trades
03/11/2023,BILL,SJ84799,NSE_FNO,BILL ENTRY FOR FO-20231103,0,2670.2,0,67671.89,trades
06/11/2023,BILL,SJ84800,NSE_FNO,BILL ENTRY FOR FO-20231106,0,963,0,66708.89,trades
07/11/2023,BILL,SJ84801,NSE_FNO,BILL ENTRY FOR FO-20231107,0,0,6480.39,73189.28,trades
08/11/2023,BILL,SJ84802,NSE_FNO,BILL ENTRY FOR FO-20231108,0,2258.22,0,70931.06,trades
09/11/2023,BILL,SJ84803,NSE_FNO,BILL ENTRY FOR FO-20231109,0,577.22,0,70294.84,trades
10/11/2023,BILL,SJ84804,NSE_FNO,BILL ENTRY FOR FO-20231110,0,0,3068.73,73363.57,trades
12/11/2023,BILL,SJ72016,BSE_CASH,BILL ENTRY FOR M-2023653,0,704.77,0,72658.8,trades
13/11/2023,BILL,SJ84806,NSE_FNO,BILL ENTRY FOR FO-20231113,0,0,3151.52,75810.32,trades
15/11/2023,BILL,SJ84807,NSE_FNO,BILL ENTRY FOR FO-20231115,0,1089.02,0,74721.3,trades
16/11/2023,BILL,SJ84808,NSE_FNO,BILL ENTRY FOR FO-20231116,0,1716.8,0,73004.5,trades
17/11/2023,BILL,SJ84809,NSE_FNO,BILL ENTRY FOR FO-20231117,0,0,1361.74,74366.24,trades
20/11/2023,BILL,SJ84810,NSE_FNO,BILL ENTRY FOR FO-20231120,0,0,239.22,74566.16,trades
21/11/2023,BILL,SJ84811,NSE_FNO,BILL ENTRY FOR FO-20231121,0,0,30.15,74596.31,trades
22/11/2023,BILL,SJ84812,NSE_FNO,BILL ENTRY FOR FO-20231122,0,2657.55,0,71938.76,trades
23/11/2023,BILL,SJ84813,NSE_FNO,BILL ENTRY FOR FO-20231123,0,1895.22,0,70043.54,trades
24/11/2023,BILL,SJ84814,NSE_FNO,BILL ENTRY FOR FO-20231124,0,0,33.22,70017.76,trades
28/11/2023,BILL,SJ84815,NSE_FNO,BILL ENTRY FOR FO-20231128,0,0,2064.34,72082.1,trades
29/11/2023,BILL,SJ72060,BSE_CASH,BILL ENTRY FOR Z-2023664,0,383.01,0,71699.09,trades
29/11/2023,BILL,SJ84816,NSE_FNO,BILL ENTRY FOR FO-20231129,0,0,9112.5,80811.59,trades
30/11/2023,BILL,SJ84817,NSE_FNO,BILL ENTRY FOR FO-20231130,0,4262.81,0,76430.78,trades
01/12/2023,BILL,SJ95813,NSE_FNO,BILL ENTRY FOR FO-20231201,0,207.04,0,76223.74,trades
04/12/2023,BILL,SJ95816,NSE_FNO,BILL ENTRY FOR FO-20231204,0,9961.71,0,66262.03,trades
05/12/2023,BILL,SJ95817,NSE_FNO,BILL ENTRY FOR FO-20231205,0,0,4048.92,70310.95,trades
06/12/2023,BILL,SJ95818,NSE_FNO,BILL ENTRY FOR FO-20231206,0,0,657.94,70968.89,trades
07/12/2023,BILL,SJ95819,NSE_FNO,BILL ENTRY FOR FO-20231207,0,4459.72,0,99509.17,trades
08/12/2023,BILL,SJ95820,NSE_FNO,BILL ENTRY FOR FO-20231208,0,0,253.11,99762.28,trades
11/12/2023,BILL,SJ95821,NSE_FNO,BILL ENTRY FOR FO-20231211,0,821.6,0,98940.68,trades
12/12/2023,BILL,SJ95822,NSE_FNO,BILL ENTRY FOR FO-20231212,0,6566.23,0,92374.45,trades
13/12/2023,BILL,SJ95823,NSE_FNO,BILL ENTRY FOR FO-20231213,0,0,2804.53,95178.98,trades
14/12/2023,BILL,SJ95824,NSE_FNO,BILL ENTRY FOR FO-20231214,0,11884.5,0,83294.48,trades
15/12/2023,BILL,SJ95825,NSE_FNO,BILL ENTRY FOR FO-20231215,0,0,1560.49,84854.97,trades
18/12/2023,BILL,SJ95826,NSE_FNO,BILL ENTRY FOR FO-20231218,0,2967.46,0,81848.21,trades
19/12/2023,BILL,SJ95827,NSE_FNO,BILL ENTRY FOR FO-20231219,0,0,1962.28,83810.49,trades
20/12/2023,BILL,SJ95828,NSE_FNO,BILL ENTRY FOR FO-20231220,0,5218.52,0,78591.97,trades
21/12/2023,BILL,SJ95829,NSE_FNO,BILL ENTRY FOR FO-20231221,0,4048.06,0,74543.91,trades
22/12/2023,BILL,SJ95830,NSE_FNO,BILL ENTRY FOR FO-20231222,0,0,4495.56,79039.47,trades
26/12/2023,BILL,SJ95831,NSE_FNO,BILL ENTRY FOR FO-20231226,0,827.93,0,78211.54,trades
27/12/2023,BILL,SJ95832,NSE_FNO,BILL ENTRY FOR FO-20231227,0,0,3408.63,81620.17,trades
28/12/2023,BILL,SJ95833,NSE_FNO,BILL ENTRY FOR FO-20231228,0,3180.73,0,78439.44,trades
29/12/2023,BILL,SJ95834,NSE_FNO,BILL ENTRY FOR FO-20231229,0,624.09,0,77815.35,trades
01/01/2024,BILL,SJ107601,NSE_FNO,BILL ENTRY FOR FO-20240101,0,0,1323.46,79138.81,trades
02/01/2024,BILL,SJ107602,NSE_FNO,BILL ENTRY FOR FO-20240102,0,8512.04,0,70626.77,trades
03/01/2024,BILL,SJ107603,NSE_FNO,BILL ENTRY FOR FO-20240103,0,0,3254.36,73881.13,trades
04/01/2024,BILL,SJ107604,NSE_FNO,BILL ENTRY FOR FO-20240104,0,5866.66,0,68014.47,trades
05/01/2024,BILL,SJ107605,NSE_FNO,BILL ENTRY FOR FO-20240105,0,0,6125.57,74140.04,trades
08/01/2024,BILL,SJ107606,NSE_FNO,BILL ENTRY FOR FO-20240108,0,0,172.01,74253.05,trades
09/01/2024,BILL,SJ107607,NSE_FNO,BILL ENTRY FOR FO-20240109,0,0,18222.41,92475.46,trades
10/01/2024,BILL,SJ107608,NSE_FNO,BILL ENTRY FOR FO-20240110,0,0,631.3,93106.76,trades
11/01/2024,BILL,SJ107609,NSE_FNO,BILL ENTRY FOR FO-20240111,0,2965.83,0,90140.93,trades
12/01/2024,BILL,SJ107610,NSE_FNO,BILL ENTRY FOR FO-20240112,0,0,40.31,90181.24,trades
15/01/2024,BILL,SJ107611,NSE_FNO,BILL ENTRY FOR FO-20240115,0,5625.92,0,84555.32,trades
16/01/2024,BILL,SJ107612,NSE_FNO,BILL ENTRY FOR FO-20240116,0,475.64,0,84079.68,trades
17/01/2024,BILL,SJ107613,NSE_FNO,BILL ENTRY FOR FO-20240117,0,0,9992.57,94072.25,trades
18/01/2024,BILL,SJ107614,NSE_FNO,BILL ENTRY FOR FO-20240118,0,2886.04,0,91146.91,trades
